Config	0.0s	0.2s	0.4s	0.6s	0.8s	1.0s	1.2s	1.4s	1.6s	1.8s	2.0s	2.2s	2.4s	2.6s	2.8s	3.0s								
10×10 @ 10	0; 0	114; 10	228; 30	342; 60	456; 100	570; 150	684; 210	798; 280	912; 360	1; 026; 450	—	—	—	—	—	—								
10×10 @ 30	0; 0	106; 6	212; 18	318; 36	424; 60	530; 90	636; 126	742; 168	848; 216	954; 270	1; 060; 330	—	—	—	—	—								
10×10 @ 50	0; 0	98; 2	196; 6	294; 12	392; 20	490; 30	588; 42	686; 56	784; 72	882; 90	980; 110	1; 078; 132	—	—	—	—								
10×30 @ 10	0; 0	110; 10	220; 30	330; 60	440; 100	550; 150	660; 210	770; 280	880; 360	990; 450	1; 100; 550	—	—	—	—	—								
10×30 @ 30	0; 0	102; 6	204; 18	306; 36	408; 60	510; 90	612; 126	714; 168	816; 216	918; 270	1; 020; 330	—	—	—	—	—								
10×30 @ 50	0; 0	94; 2	188; 6	282; 12	376; 20	470; 30	564; 42	658; 56	752; 72	846; 90	940; 110	1; 034; 132	—	—	—	—								
30×30 @ 10	0; 0	98; 10	196; 30	294; 60	392; 100	490; 150	588; 210	686; 280	784; 360	882; 450	980; 550	1; 078; 660	—	—	—	—								
30×30 @ 30	0; 0	90; 6	180; 18	270; 36	360; 60	450; 90	540; 126	630; 168	720; 216	810; 270	900; 330	990; 396	1; 080; 468	—	—	—								
30×30 @ 50	0; 0	82; 2	164; 6	246; 12	328; 20	410; 30	492; 42	574; 56	656; 72	738; 90	820; 110	902; 132	984; 156	1; 066; 182	—	—								
30×60 @ 10	0; 0	80; 10	160; 30	240; 60	320; 100	400; 150	480; 210	560; 280	640; 360	720; 450	800; 550	880; 660	—	—	—	—								
30×60 @ 30	0; 0	72; 6	144; 18	216; 36	288; 60	360; 90	432; 126	504; 168	576; 216	648; 270	720; 330	792; 396	864; 468	936; 546	1; 008; 630	—								
30×60 @ 50	0; 0	64; 2	128; 6	192; 12	256; 20	320; 30	384; 42	448; 56	512; 72	576; 90	640; 110	704; 132	768; 156	832; 182	896; 210	960; 240								
60×60 @ 10	0; 0	44; 10	88; 30	132; 60	176; 100	220; 150	264; 210	308; 280	352; 360	396; 450	440; 550	484; 660	—	—	—	—								
60×60 @ 30	0; 0	36; 6	72; 18	108; 36	144; 60	180; 90	216; 126	252; 168	288; 216	324; 270	360; 330	396; 396	432; 468	468; 546	504; 630	—								
60×60 @ 50	0; 0	28; 2	56; 6	84; 12	112; 20	140; 30	168; 42	196; 56	224; 72	252; 90	280; 110	308; 132	336; 156	364; 182	392; 210	420; 240								